Dead cells : 
49
52
53
54
55
56
58
60
61
62
63
1534
2117
2776
4832
4833
4834
4835
4836
4840
4842
4847
4884
4885
4888
5329
5339
5341
8353
8453
8576
8578
8579
8582
8583
8585
8586
8587
8589
8590
8591
8624
8625
8627
8628
8629
8630
8631
8632
8633
8635
8636
8637
8638
8639
9361
9802
12147
12623
12813
12859
12918
13059
13463
13466
13467
13478
13975
13999
14231
14233
14237
14305
14307
14315
14318
14403
14404
14610
14624
14626
14627
14628
14629
14631
14633
14634
14635
14637
14638
14639
14692
14732
15200
15204
15205
15206
15207
15210
15211
15212
15213
15214
15215
15285
15331
15456
15457
15458
15460
15461
15462
15463
15465
15466
15467
15470
15471
15504
15505
15506
15507
15508
15511
15512
15513
15514
15515
15517
16091
16443
16532
16533
16534
16535
16537
16539
16541
16542
16543
16576
16577
16580
16581
16582
16583
16584
16586
16587
16588
16590
16610
16611
16614
16615
16617
16618
16619
16622
16623
16656
16657
16658
16660
16661
16662
16663
16664
16665
16668
16669
16670
16671
16826
16896
16897
16898
16899
16900
16901
16902
16903
16904
16905
16906
16907
16908
16909
16910
16911
16912
16913
16914
16915
16916
16917
16918
16919
16920
16921
16922
16923
16924
16925
16926
16927
16928
16929
16930
16931
16932
16933
16934
16935
16936
16937
16938
16939
16940
16941
16942
16943
16944
16945
16946
16947
16948
16949
16950
16951
16952
16953
16954
16955
16956
16957
16958
16959
16960
16961
16962
16963
16964
16965
16966
16967
16968
16969
16970
16971
16972
16973
16974
16975
16976
16977
16978
16979
16980
16981
16982
16983
16984
16985
16986
16987
16988
16989
16990
16991
16992
16993
16994
16995
16996
16997
16998
16999
17000
17001
17002
17003
17004
17005
17006
17007
17008
17009
17010
17011
17012
17013
17014
17015
17016
17017
17018
17019
17020
17021
17022
17023
17024
17025
17026
17027
17028
17029
17030
17031
17032
17033
17034
17035
17036
17037
17038
17039
17040
17041
17042
17043
17044
17045
17046
17047
17048
17049
17050
17051
17052
17053
17054
17055
17056
17057
17058
17059
17060
17061
17062
17063
17064
17065
17066
17067
17068
17069
17070
17071
17072
17073
17074
17075
17076
17077
17078
17079
17080
17081
17082
17083
17084
17085
17086
17087
17088
17089
17090
17091
17092
17093
17094
17095
17096
17097
17098
17099
17100
17101
17102
17103
17104
17105
17106
17107
17108
17109
17110
17111
17112
17113
17114
17115
17116
17117
17118
17119
17120
17121
17122
17123
17124
17125
17126
17127
17128
17129
17130
17131
17132
17133
17134
17135
17136
17137
17138
17139
17140
17141
17142
17143
17144
17145
17146
17147
17148
17149
17150
17151
17152
17153
17154
17155
17156
17157
17158
17159
17160
17161
17162
17163
17164
17165
17166
17167
17168
17169
17170
17171
17172
17173
17174
17175
17176
17177
17178
17179
17180
17181
17182
17183
17184
17185
17186
17187
17188
17189
17190
17191
17192
17193
17194
17195
17196
17197
17198
17199
17200
17201
17202
17203
17204
17205
17206
17207
17208
17209
17210
17211
17212
17213
17214
17215
17216
17217
17218
17219
17220
17221
17222
17223
17224
17225
17226
17227
17228
17229
17230
17231
17232
17233
17234
17235
17236
17237
17238
17239
17240
17241
17242
17243
17244
17245
17246
17247
17248
17249
17250
17251
17252
17253
17254
17255
17256
17257
17258
17259
17260
17261
17262
17263
17264
17265
17266
17267
17268
17269
17270
17271
17272
17273
17274
17275
17276
17277
17278
17279
17280
17281
17282
17283
17284
17285
17286
17287
17288
17289
17290
17291
17292
17293
17294
17295
17296
17297
17298
17299
17300
17301
17302
17303
17304
17305
17306
17307
17308
17309
17310
17311
17312
17313
17314
17315
17316
17317
17318
17319
17320
17321
17322
17323
17324
17325
17326
17327
17328
17329
17330
17331
17332
17333
17334
17335
17336
17337
17338
17339
17340
17341
17342
17343
17344
17345
17346
17347
17348
17349
17350
17351
17352
17353
17354
17355
17356
17357
17358
17359
17360
17361
17362
17363
17364
17365
17366
17367
17368
17369
17370
17371
17372
17373
17374
17375
17376
17377
17378
17379
17380
17381
17382
17383
17384
17385
17386
17387
17388
17389
17390
17391
17392
17393
17394
17395
17396
17397
17398
17399
17400
17401
17402
17403
17404
17405
17406
17407
17408
17409
17410
17411
17412
17413
17414
17415
17416
17417
17418
17419
17420
17421
17422
17423
17424
17425
17426
17427
17428
17429
17430
17431
17432
17433
17434
17435
17436
17437
17438
17439
17440
17441
17442
17443
17444
17445
17446
17447
17448
17449
17450
17451
17452
17453
17454
17455
17456
17457
17458
17459
17460
17461
17462
17463
17464
17465
17466
17467
17468
17469
17470
17471
17472
17473
17474
17475
17476
17477
17478
17479
17480
17481
17482
17483
17484
17485
17486
17487
17488
17489
17490
17491
17492
17493
17494
17495
17496
17497
17498
17499
17500
17501
17502
17503
17504
17505
17506
17507
17508
17509
17510
17511
17512
17513
17514
17515
17516
17517
17518
17519
17520
17521
17522
17523
17524
17525
17526
17527
17528
17529
17530
17531
17532
17533
17534
17535
17536
17537
17538
17539
17540
17541
17542
17543
17544
17545
17546
17547
17548
17549
17550
17551
17552
17553
17554
17555
17556
17557
17558
17559
17560
17561
17562
17563
17564
17565
17566
17567
17568
17569
17570
17571
17572
17573
17574
17575
17576
17577
17578
17579
17580
17581
17582
17583
17584
17585
17586
17587
17588
17589
17590
17591
17592
17593
17594
17595
17596
17597
17598
17599
17600
17601
17602
17603
17604
17605
17606
17607
17608
17609
17610
17611
17612
17613
17614
17615
17616
17617
17618
17619
17620
17621
17622
17623
17624
17625
17626
17627
17628
17629
17630
17631
17632
17633
17634
17635
17636
17637
17638
17639
17640
17641
17642
17643
17644
17645
17646
17647
17648
17649
17650
17651
17652
17653
17654
17655
17656
17657
17658
17659
17660
17661
17662
(941)
Bad cells (excluded): 
48
50
57
59
74
103
176
191
198
287
323
335
369
375
376
382
447
594
655
720
917
1002
1038
1050
1059
1061
1175
1204
1212
1222
1263
1276
1366
1376
1380
1382
1386
1414
1519
1535
1696
1711
1836
1837
1860
1892
1961
1967
2022
2026
2047
2112
2114
2115
2116
2120
2123
2124
2125
2196
2219
2298
2395
2397
2399
2424
2487
2505
2506
2534
2540
2575
2581
2586
2778
2793
2797
2857
2888
2891
2915
2921
2985
3039
3135
3223
3236
3244
3259
3297
3339
3488
3503
3732
3740
3748
3754
3908
3914
3940
4026
4058
4129
4212
4282
4320
4516
4530
4543
4596
4613
4621
4817
4837
4838
4839
4841
4843
4844
4845
4846
4880
4881
4882
4883
4886
4887
4889
4890
4891
4892
4893
4894
4895
5183
5248
5250
5256
5260
5262
5328
5330
5331
5332
5333
5334
5335
5336
5337
5338
5340
5343
5448
5698
5818
5824
5826
5827
5829
5832
5833
5834
5835
5850
6104
6184
6331
6481
6528
6529
6530
6531
6532
6533
6534
6535
6536
6537
6538
6539
6540
6541
6542
6543
6576
6577
6578
6579
6580
6581
6582
6583
6584
6585
6586
6587
6588
6589
6590
6591
6644
6646
6647
6650
6654
6655
6735
6803
6808
6810
6811
6814
6991
7150
7371
7375
7417
7425
7430
7457
7491
7507
7569
7572
7747
7751
7793
8047
8244
8275
8340
8352
8357
8396
8420
8577
8580
8581
8584
8588
8610
8626
8634
8743
8807
8809
8813
8938
9078
9217
9269
9275
9282
9286
9291
9338
9354
9598
9706
9769
9794
9795
9798
9799
9803
9805
9806
9807
9856
9872
9874
9875
9877
9878
9882
9883
9887
9927
9934
9940
9942
9943
9945
9960
10125
10138
10203
10363
10451
10505
10565
10779
10780
10831
10921
10982
10986
10988
10989
11024
11042
11044
11048
11050
11052
11091
11095
11102
11134
11141
11148
11241
11411
11462
11738
11904
11905
11906
11907
11908
11909
11910
11911
11912
11913
11914
11915
11916
11917
11918
11919
12032
12033
12034
12035
12036
12037
12038
12039
12040
12041
12042
12043
12044
12045
12046
12047
12160
12161
12162
12163
12164
12165
12166
12167
12168
12169
12170
12171
12172
12173
12174
12175
12308
12309
12310
12311
12314
12316
12317
12319
12320
12321
12322
12323
12324
12325
12326
12327
12328
12329
12330
12331
12332
12333
12334
12335
12352
12353
12360
12361
12363
12368
12369
12370
12371
12372
12373
12374
12375
12376
12377
12378
12379
12380
12381
12382
12383
12596
12597
12604
12605
12607
12608
12609
12610
12611
12613
12614
12615
12616
12617
12618
12620
12621
12622
12774
12775
12778
12780
12781
12782
12783
12800
12801
12802
12803
12804
12805
12806
12807
12808
12809
12810
12812
12814
12815
12818
12819
12822
12824
12825
12826
12827
12829
12830
12831
12850
12851
12856
12857
12858
12862
12866
12867
12870
12871
12874
12875
12876
12877
12914
12919
12921
12922
12924
12925
12926
12927
12988
13053
13055
13056
13058
13064
13066
13067
13068
13120
13122
13123
13125
13126
13128
13130
13131
13156
13280
13281
13282
13283
13284
13286
13287
13288
13289
13290
13292
13293
13294
13392
13395
13396
13398
13399
13400
13402
13403
13405
13406
13407
13458
13459
13460
13462
13464
13465
13469
13470
13471
13474
13475
13476
13477
13479
13480
13481
13482
13483
13484
13485
13486
13487
13508
13510
13511
13512
13513
13517
13518
13519
13521
13525
13554
13556
13557
13558
13559
13574
13589
13837
13876
13881
13901
13903
13953
13968
13969
13971
13972
13973
13974
13978
13980
13981
13982
13983
13985
13988
13989
13990
13991
13994
13996
13997
13998
14058
14060
14081
14112
14113
14114
14115
14116
14117
14118
14119
14120
14121
14122
14125
14126
14127
14144
14145
14148
14149
14152
14153
14157
14163
14191
14193
14207
14228
14229
14234
14236
14239
14249
14304
14306
14308
14309
14310
14311
14312
14313
14314
14317
14319
14320
14321
14324
14325
14326
14330
14332
14333
14334
14335
14360
14362
14365
14366
14373
14374
14400
14401
14402
14405
14406
14407
14409
14410
14411
14412
14413
14414
14415
14432
14433
14434
14435
14436
14437
14438
14439
14440
14441
14442
14443
14444
14445
14446
14447
14480
14481
14482
14483
14484
14485
14486
14487
14488
14489
14490
14491
14492
14493
14494
14495
14496
14502
14505
14544
14545
14546
14547
14548
14549
14550
14551
14553
14554
14555
14556
14557
14558
14559
14576
14592
14593
14594
14595
14600
14601
14602
14603
14605
14606
14607
14608
14611
14613
14616
14617
14618
14619
14620
14621
14625
14630
14632
14636
14640
14641
14644
14645
14646
14648
14649
14652
14653
14659
14663
14679
14688
14689
14690
14693
14694
14695
14696
14697
14698
14699
14700
14701
14702
14703
14722
14723
14724
14725
14726
14727
14728
14729
14730
14731
14733
14734
14735
14736
14737
14738
14739
14740
14741
14742
14743
14744
14745
14746
14747
14748
14749
14750
14751
14752
14754
14755
14760
14762
14763
14767
14768
14772
14773
14774
14775
14776
14777
14780
14781
14782
14783
14789
14839
14862
14865
14895
14976
14977
14980
14985
14989
15012
15013
15014
15015
15020
15021
15023
15063
15137
15146
15152
15154
15155
15157
15166
15201
15202
15203
15208
15209
15217
15266
15267
15274
15275
15276
15277
15279
15280
15281
15282
15284
15286
15288
15289
15290
15291
15292
15293
15314
15315
15322
15323
15326
15327
15330
15332
15333
15334
15335
15337
15338
15339
15340
15341
15342
15343
15344
15345
15348
15349
15350
15353
15356
15357
15358
15359
15397
15398
15402
15440
15444
15445
15446
15452
15453
15459
15464
15468
15469
15476
15477
15509
15510
15516
15518
15519
15624
15670
15690
15716
15719
15724
15725
15726
15754
15797
15821
15832
15872
15873
15874
15877
15880
15881
15928
15933
15936
15937
15938
15939
15941
15944
15945
15963
16064
16070
16082
16083
16088
16089
16090
16094
16258
16271
16310
16317
16318
16319
16349
16388
16395
16420
16421
16422
16424
16426
16427
16428
16429
16431
16434
16435
16440
16442
16446
16464
16465
16468
16469
16472
16473
16496
16497
16498
16499
16501
16502
16504
16505
16509
16528
16529
16530
16531
16536
16538
16540
16578
16579
16585
16589
16591
16608
16609
16612
16613
16616
16620
16621
16634
16659
16666
16667
16784
16818
16819
16820
16821
16824
16825
16827
16828
16829
16830
16831
16867
16879
16886
(1017)
